2021/12/15-19:14:52.824697 7f7e24d0dcc0 RocksDB version: 6.17.3
2021/12/15-19:14:52.824766 7f7e24d0dcc0 Git sha rocksdb_build_git_sha:@09c7e96eac1ab983f97ce9e0406730b8014b3398@
2021/12/15-19:14:52.824769 7f7e24d0dcc0 Compile date Dec  1 2021
2021/12/15-19:14:52.824922 7f7e24d0dcc0 DB SUMMARY
2021/12/15-19:14:52.824926 7f7e24d0dcc0 DB Session ID:  1VX1XUR4XCWDE3SGY7N9
2021/12/15-19:14:52.824952 7f7e24d0dcc0 CURRENT file:  CURRENT
2021/12/15-19:14:52.824953 7f7e24d0dcc0 IDENTITY file:  IDENTITY
2021/12/15-19:14:52.824955 7f7e24d0dcc0 MANIFEST file:  MANIFEST-000003 size: 1376 Bytes
2021/12/15-19:14:52.824956 7f7e24d0dcc0 SST files in test-ledger/rocksdb dir, Total Num: 0, files: 
2021/12/15-19:14:52.824957 7f7e24d0dcc0 Write Ahead Log file in test-ledger/rocksdb: 000004.log size: 3918 ; 
2021/12/15-19:14:52.824958 7f7e24d0dcc0                         Options.error_if_exists: 0
2021/12/15-19:14:52.824959 7f7e24d0dcc0                       Options.create_if_missing: 1
2021/12/15-19:14:52.824960 7f7e24d0dcc0                         Options.paranoid_checks: 1
2021/12/15-19:14:52.824961 7f7e24d0dcc0                               Options.track_and_verify_wals_in_manifest: 0
2021/12/15-19:14:52.824961 7f7e24d0dcc0                                     Options.env: 0x561b98cc78c0
2021/12/15-19:14:52.824962 7f7e24d0dcc0                                      Options.fs: Posix File System
2021/12/15-19:14:52.824963 7f7e24d0dcc0                                Options.info_log: 0x561b9a5719f0
2021/12/15-19:14:52.824964 7f7e24d0dcc0                Options.max_file_opening_threads: 16
2021/12/15-19:14:52.824965 7f7e24d0dcc0                              Options.statistics: (nil)
2021/12/15-19:14:52.824966 7f7e24d0dcc0                               Options.use_fsync: 0
2021/12/15-19:14:52.824967 7f7e24d0dcc0                       Options.max_log_file_size: 0
2021/12/15-19:14:52.824967 7f7e24d0dcc0                  Options.max_manifest_file_size: 1073741824
2021/12/15-19:14:52.824968 7f7e24d0dcc0                   Options.log_file_time_to_roll: 0
2021/12/15-19:14:52.824968 7f7e24d0dcc0                       Options.keep_log_file_num: 1000
2021/12/15-19:14:52.824969 7f7e24d0dcc0                    Options.recycle_log_file_num: 0
2021/12/15-19:14:52.824970 7f7e24d0dcc0                         Options.allow_fallocate: 1
2021/12/15-19:14:52.824970 7f7e24d0dcc0                        Options.allow_mmap_reads: 0
2021/12/15-19:14:52.824971 7f7e24d0dcc0                       Options.allow_mmap_writes: 0
2021/12/15-19:14:52.824971 7f7e24d0dcc0                        Options.use_direct_reads: 0
2021/12/15-19:14:52.824972 7f7e24d0dcc0                        Options.use_direct_io_for_flush_and_compaction: 0
2021/12/15-19:14:52.824972 7f7e24d0dcc0          Options.create_missing_column_families: 1
2021/12/15-19:14:52.824973 7f7e24d0dcc0                              Options.db_log_dir: 
2021/12/15-19:14:52.824973 7f7e24d0dcc0                                 Options.wal_dir: test-ledger/rocksdb
2021/12/15-19:14:52.824974 7f7e24d0dcc0                Options.table_cache_numshardbits: 6
2021/12/15-19:14:52.824974 7f7e24d0dcc0                         Options.WAL_ttl_seconds: 0
2021/12/15-19:14:52.824975 7f7e24d0dcc0                       Options.WAL_size_limit_MB: 0
2021/12/15-19:14:52.824976 7f7e24d0dcc0                        Options.max_write_batch_group_size_bytes: 1048576
2021/12/15-19:14:52.824976 7f7e24d0dcc0             Options.manifest_preallocation_size: 4194304
2021/12/15-19:14:52.824977 7f7e24d0dcc0                     Options.is_fd_close_on_exec: 1
2021/12/15-19:14:52.824978 7f7e24d0dcc0                   Options.advise_random_on_open: 1
2021/12/15-19:14:52.824978 7f7e24d0dcc0                    Options.db_write_buffer_size: 0
2021/12/15-19:14:52.824979 7f7e24d0dcc0                    Options.write_buffer_manager: 0x561b9a445110
2021/12/15-19:14:52.824980 7f7e24d0dcc0         Options.access_hint_on_compaction_start: 1
2021/12/15-19:14:52.824980 7f7e24d0dcc0  Options.new_table_reader_for_compaction_inputs: 0
2021/12/15-19:14:52.824981 7f7e24d0dcc0           Options.random_access_max_buffer_size: 1048576
2021/12/15-19:14:52.824982 7f7e24d0dcc0                      Options.use_adaptive_mutex: 0
2021/12/15-19:14:52.825056 7f7e24d0dcc0                            Options.rate_limiter: (nil)
2021/12/15-19:14:52.825060 7f7e24d0dcc0     Options.sst_file_manager.rate_bytes_per_sec: 0
2021/12/15-19:14:52.825061 7f7e24d0dcc0                       Options.wal_recovery_mode: 2
2021/12/15-19:14:52.825062 7f7e24d0dcc0                  Options.enable_thread_tracking: 0
2021/12/15-19:14:52.825062 7f7e24d0dcc0                  Options.enable_pipelined_write: 0
2021/12/15-19:14:52.825063 7f7e24d0dcc0                  Options.unordered_write: 0
2021/12/15-19:14:52.825064 7f7e24d0dcc0         Options.allow_concurrent_memtable_write: 1
2021/12/15-19:14:52.825064 7f7e24d0dcc0      Options.enable_write_thread_adaptive_yield: 1
2021/12/15-19:14:52.825065 7f7e24d0dcc0             Options.write_thread_max_yield_usec: 100
2021/12/15-19:14:52.825065 7f7e24d0dcc0            Options.write_thread_slow_yield_usec: 3
2021/12/15-19:14:52.825066 7f7e24d0dcc0                               Options.row_cache: None
2021/12/15-19:14:52.825067 7f7e24d0dcc0                              Options.wal_filter: None
2021/12/15-19:14:52.825068 7f7e24d0dcc0             Options.avoid_flush_during_recovery: 0
2021/12/15-19:14:52.825069 7f7e24d0dcc0             Options.allow_ingest_behind: 0
2021/12/15-19:14:52.825069 7f7e24d0dcc0             Options.preserve_deletes: 0
2021/12/15-19:14:52.825070 7f7e24d0dcc0             Options.two_write_queues: 0
2021/12/15-19:14:52.825070 7f7e24d0dcc0             Options.manual_wal_flush: 0
2021/12/15-19:14:52.825071 7f7e24d0dcc0             Options.atomic_flush: 0
2021/12/15-19:14:52.825072 7f7e24d0dcc0             Options.avoid_unnecessary_blocking_io: 0
2021/12/15-19:14:52.825072 7f7e24d0dcc0                 Options.persist_stats_to_disk: 0
2021/12/15-19:14:52.825073 7f7e24d0dcc0                 Options.write_dbid_to_manifest: 0
2021/12/15-19:14:52.825074 7f7e24d0dcc0                 Options.log_readahead_size: 0
2021/12/15-19:14:52.825075 7f7e24d0dcc0                 Options.file_checksum_gen_factory: Unknown
2021/12/15-19:14:52.825076 7f7e24d0dcc0                 Options.best_efforts_recovery: 0
2021/12/15-19:14:52.825076 7f7e24d0dcc0                Options.max_bgerror_resume_count: 2147483647
2021/12/15-19:14:52.825077 7f7e24d0dcc0            Options.bgerror_resume_retry_interval: 1000000
2021/12/15-19:14:52.825078 7f7e24d0dcc0             Options.allow_data_in_errors: 0
2021/12/15-19:14:52.825078 7f7e24d0dcc0             Options.db_host_id: __hostname__
2021/12/15-19:14:52.825079 7f7e24d0dcc0             Options.max_background_jobs: 16
2021/12/15-19:14:52.825080 7f7e24d0dcc0             Options.max_background_compactions: -1
2021/12/15-19:14:52.825080 7f7e24d0dcc0             Options.max_subcompactions: 1
2021/12/15-19:14:52.825081 7f7e24d0dcc0             Options.avoid_flush_during_shutdown: 0
2021/12/15-19:14:52.825082 7f7e24d0dcc0           Options.writable_file_max_buffer_size: 1048576
2021/12/15-19:14:52.825082 7f7e24d0dcc0             Options.delayed_write_rate : 16777216
2021/12/15-19:14:52.825083 7f7e24d0dcc0             Options.max_total_wal_size: 4294967296
2021/12/15-19:14:52.825084 7f7e24d0dcc0             Options.delete_obsolete_files_period_micros: 21600000000
2021/12/15-19:14:52.825085 7f7e24d0dcc0                   Options.stats_dump_period_sec: 600
2021/12/15-19:14:52.825086 7f7e24d0dcc0                 Options.stats_persist_period_sec: 600
2021/12/15-19:14:52.825086 7f7e24d0dcc0                 Options.stats_history_buffer_size: 1048576
2021/12/15-19:14:52.825087 7f7e24d0dcc0                          Options.max_open_files: -1
2021/12/15-19:14:52.825087 7f7e24d0dcc0                          Options.bytes_per_sync: 0
2021/12/15-19:14:52.825088 7f7e24d0dcc0                      Options.wal_bytes_per_sync: 0
2021/12/15-19:14:52.825089 7f7e24d0dcc0                   Options.strict_bytes_per_sync: 0
2021/12/15-19:14:52.825090 7f7e24d0dcc0       Options.compaction_readahead_size: 0
2021/12/15-19:14:52.825090 7f7e24d0dcc0                  Options.max_background_flushes: -1
2021/12/15-19:14:52.825103 7f7e24d0dcc0 Compression algorithms supported:
2021/12/15-19:14:52.825105 7f7e24d0dcc0 	kZSTDNotFinalCompression supported: 0
2021/12/15-19:14:52.825107 7f7e24d0dcc0 	kZSTD supported: 0
2021/12/15-19:14:52.825107 7f7e24d0dcc0 	kXpressCompression supported: 0
2021/12/15-19:14:52.825108 7f7e24d0dcc0 	kLZ4HCCompression supported: 1
2021/12/15-19:14:52.825109 7f7e24d0dcc0 	kLZ4Compression supported: 1
2021/12/15-19:14:52.825110 7f7e24d0dcc0 	kBZip2Compression supported: 0
2021/12/15-19:14:52.825111 7f7e24d0dcc0 	kZlibCompression supported: 0
2021/12/15-19:14:52.825112 7f7e24d0dcc0 	kSnappyCompression supported: 0
2021/12/15-19:14:52.825119 7f7e24d0dcc0 Fast CRC32 supported: Supported on x86
2021/12/15-19:14:52.825196 7f7e24d0dcc0 [db/version_set.cc:4756] Recovering from manifest file: test-ledger/rocksdb/MANIFEST-000003
2021/12/15-19:14:52.825399 7f7e24d0dcc0 [db/column_family.cc:595] --------------- Options for column family [default]:
2021/12/15-19:14:52.825404 7f7e24d0dcc0               Options.comparator: leveldb.BytewiseComparator
2021/12/15-19:14:52.825406 7f7e24d0dcc0           Options.merge_operator: None
2021/12/15-19:14:52.825407 7f7e24d0dcc0        Options.compaction_filter: None
2021/12/15-19:14:52.825408 7f7e24d0dcc0        Options.compaction_filter_factory: None
2021/12/15-19:14:52.825409 7f7e24d0dcc0  Options.sst_partitioner_factory: None
2021/12/15-19:14:52.825410 7f7e24d0dcc0         Options.memtable_factory: SkipListFactory
2021/12/15-19:14:52.825411 7f7e24d0dcc0            Options.table_factory: BlockBasedTable
2021/12/15-19:14:52.825443 7f7e24d0dcc0            table_factory options:   flush_block_policy_factory: FlushBlockBySizePolicyFactory (0x561b9a475070)
  cache_index_and_filter_blocks: 0
  cache_index_and_filter_blocks_with_high_priority: 1
  pin_l0_filter_and_index_blocks_in_cache: 0
  pin_top_level_index_and_filter: 1
  index_type: 0
  data_block_index_type: 0
  index_shortening: 1
  data_block_hash_table_util_ratio: 0.750000
  hash_index_allow_collision: 1
  checksum: 1
  no_block_cache: 0
  block_cache: 0x561b9a4750c0
  block_cache_name: LRUCache
  block_cache_options:
    capacity : 8388608
    num_shard_bits : 4
    strict_capacity_limit : 0
    memory_allocator : None
    high_pri_pool_ratio: 0.000
  block_cache_compressed: (nil)
  persistent_cache: (nil)
  block_size: 4096
  block_size_deviation: 10
  block_restart_interval: 16
  index_block_restart_interval: 1
  metadata_block_size: 4096
  partition_filters: 0
  use_delta_encoding: 1
  filter_policy: nullptr
  whole_key_filtering: 1
  verify_compression: 0
  read_amp_bytes_per_bit: 0
  format_version: 4
  enable_index_compression: 1
  block_align: 0
2021/12/15-19:14:52.825445 7f7e24d0dcc0        Options.write_buffer_size: 67108864
2021/12/15-19:14:52.825445 7f7e24d0dcc0  Options.max_write_buffer_number: 2
2021/12/15-19:14:52.825447 7f7e24d0dcc0          Options.compression: NoCompression
2021/12/15-19:14:52.825448 7f7e24d0dcc0                  Options.bottommost_compression: Disabled
2021/12/15-19:14:52.825449 7f7e24d0dcc0       Options.prefix_extractor: nullptr
2021/12/15-19:14:52.825450 7f7e24d0dcc0   Options.memtable_insert_with_hint_prefix_extractor: nullptr
2021/12/15-19:14:52.825451 7f7e24d0dcc0             Options.num_levels: 7
2021/12/15-19:14:52.825452 7f7e24d0dcc0        Options.min_write_buffer_number_to_merge: 1
2021/12/15-19:14:52.825453 7f7e24d0dcc0     Options.max_write_buffer_number_to_maintain: 0
2021/12/15-19:14:52.825454 7f7e24d0dcc0     Options.max_write_buffer_size_to_maintain: 0
2021/12/15-19:14:52.825455 7f7e24d0dcc0            Options.bottommost_compression_opts.window_bits: -14
2021/12/15-19:14:52.825455 7f7e24d0dcc0                  Options.bottommost_compression_opts.level: 32767
2021/12/15-19:14:52.825457 7f7e24d0dcc0               Options.bottommost_compression_opts.strategy: 0
2021/12/15-19:14:52.825457 7f7e24d0dcc0         Options.bottommost_compression_opts.max_dict_bytes: 0
2021/12/15-19:14:52.825458 7f7e24d0dcc0         Options.bottommost_compression_opts.zstd_max_train_bytes: 0
2021/12/15-19:14:52.825542 7f7e24d0dcc0         Options.bottommost_compression_opts.parallel_threads: 1
2021/12/15-19:14:52.825546 7f7e24d0dcc0                  Options.bottommost_compression_opts.enabled: false
2021/12/15-19:14:52.825548 7f7e24d0dcc0            Options.compression_opts.window_bits: -14
2021/12/15-19:14:52.825548 7f7e24d0dcc0                  Options.compression_opts.level: 32767
2021/12/15-19:14:52.825549 7f7e24d0dcc0               Options.compression_opts.strategy: 0
2021/12/15-19:14:52.825550 7f7e24d0dcc0         Options.compression_opts.max_dict_bytes: 0
2021/12/15-19:14:52.825551 7f7e24d0dcc0         Options.compression_opts.zstd_max_train_bytes: 0
2021/12/15-19:14:52.825552 7f7e24d0dcc0         Options.compression_opts.parallel_threads: 1
2021/12/15-19:14:52.825553 7f7e24d0dcc0                  Options.compression_opts.enabled: false
2021/12/15-19:14:52.825553 7f7e24d0dcc0      Options.level0_file_num_compaction_trigger: 4
2021/12/15-19:14:52.825554 7f7e24d0dcc0          Options.level0_slowdown_writes_trigger: 20
2021/12/15-19:14:52.825556 7f7e24d0dcc0              Options.level0_stop_writes_trigger: 36
2021/12/15-19:14:52.825556 7f7e24d0dcc0                   Options.target_file_size_base: 67108864
2021/12/15-19:14:52.825557 7f7e24d0dcc0             Options.target_file_size_multiplier: 1
2021/12/15-19:14:52.825558 7f7e24d0dcc0                Options.max_bytes_for_level_base: 268435456
2021/12/15-19:14:52.825559 7f7e24d0dcc0 Options.level_compaction_dynamic_level_bytes: 0
2021/12/15-19:14:52.825559 7f7e24d0dcc0          Options.max_bytes_for_level_multiplier: 10.000000
2021/12/15-19:14:52.825562 7f7e24d0dcc0 Options.max_bytes_for_level_multiplier_addtl[0]: 1
2021/12/15-19:14:52.825564 7f7e24d0dcc0 Options.max_bytes_for_level_multiplier_addtl[1]: 1
2021/12/15-19:14:52.825564 7f7e24d0dcc0 Options.max_bytes_for_level_multiplier_addtl[2]: 1
2021/12/15-19:14:52.825565 7f7e24d0dcc0 Options.max_bytes_for_level_multiplier_addtl[3]: 1
2021/12/15-19:14:52.825566 7f7e24d0dcc0 Options.max_bytes_for_level_multiplier_addtl[4]: 1
2021/12/15-19:14:52.825566 7f7e24d0dcc0 Options.max_bytes_for_level_multiplier_addtl[5]: 1
2021/12/15-19:14:52.825567 7f7e24d0dcc0 Options.max_bytes_for_level_multiplier_addtl[6]: 1
2021/12/15-19:14:52.825568 7f7e24d0dcc0       Options.max_sequential_skip_in_iterations: 8
2021/12/15-19:14:52.825568 7f7e24d0dcc0                    Options.max_compaction_bytes: 1677721600
2021/12/15-19:14:52.825569 7f7e24d0dcc0                        Options.arena_block_size: 8388608
2021/12/15-19:14:52.825570 7f7e24d0dcc0   Options.soft_pending_compaction_bytes_limit: 68719476736
2021/12/15-19:14:52.825571 7f7e24d0dcc0   Options.hard_pending_compaction_bytes_limit: 274877906944
2021/12/15-19:14:52.825572 7f7e24d0dcc0       Options.rate_limit_delay_max_milliseconds: 100
2021/12/15-19:14:52.825573 7f7e24d0dcc0                Options.disable_auto_compactions: 0
2021/12/15-19:14:52.825576 7f7e24d0dcc0                        Options.compaction_style: kCompactionStyleLevel
2021/12/15-19:14:52.825579 7f7e24d0dcc0                          Options.compaction_pri: kMinOverlappingRatio
2021/12/15-19:14:52.825580 7f7e24d0dcc0 Options.compaction_options_universal.size_ratio: 1
2021/12/15-19:14:52.825580 7f7e24d0dcc0 Options.compaction_options_universal.min_merge_width: 2
2021/12/15-19:14:52.825581 7f7e24d0dcc0 Options.compaction_options_universal.max_merge_width: 4294967295
2021/12/15-19:14:52.825582 7f7e24d0dcc0 Options.compaction_options_universal.max_size_amplification_percent: 200
2021/12/15-19:14:52.825583 7f7e24d0dcc0 Options.compaction_options_universal.compression_size_percent: -1
2021/12/15-19:14:52.825584 7f7e24d0dcc0 Options.compaction_options_universal.stop_style: kCompactionStopStyleTotalSize
2021/12/15-19:14:52.825585 7f7e24d0dcc0 Options.compaction_options_fifo.max_table_files_size: 1073741824
2021/12/15-19:14:52.825585 7f7e24d0dcc0 Options.compaction_options_fifo.allow_compaction: 0
2021/12/15-19:14:52.825597 7f7e24d0dcc0                   Options.table_properties_collectors: 
2021/12/15-19:14:52.825611 7f7e24d0dcc0                   Options.inplace_update_support: 0
2021/12/15-19:14:52.825612 7f7e24d0dcc0                 Options.inplace_update_num_locks: 10000
2021/12/15-19:14:52.825612 7f7e24d0dcc0               Options.memtable_prefix_bloom_size_ratio: 0.000000
2021/12/15-19:14:52.825614 7f7e24d0dcc0               Options.memtable_whole_key_filtering: 0
2021/12/15-19:14:52.825614 7f7e24d0dcc0   Options.memtable_huge_page_size: 0
2021/12/15-19:14:52.825615 7f7e24d0dcc0                           Options.bloom_locality: 0
2021/12/15-19:14:52.825616 7f7e24d0dcc0                    Options.max_successive_merges: 0
2021/12/15-19:14:52.825617 7f7e24d0dcc0                Options.optimize_filters_for_hits: 0
2021/12/15-19:14:52.825617 7f7e24d0dcc0                Options.paranoid_file_checks: 0
2021/12/15-19:14:52.825618 7f7e24d0dcc0                Options.force_consistency_checks: 1
2021/12/15-19:14:52.825619 7f7e24d0dcc0                Options.report_bg_io_stats: 0
2021/12/15-19:14:52.825621 7f7e24d0dcc0                               Options.ttl: 2592000
2021/12/15-19:14:52.825622 7f7e24d0dcc0          Options.periodic_compaction_seconds: 0
2021/12/15-19:14:52.825623 7f7e24d0dcc0                    Options.enable_blob_files: false
2021/12/15-19:14:52.825623 7f7e24d0dcc0                        Options.min_blob_size: 0
2021/12/15-19:14:52.825624 7f7e24d0dcc0                       Options.blob_file_size: 268435456
2021/12/15-19:14:52.825625 7f7e24d0dcc0                Options.blob_compression_type: NoCompression
2021/12/15-19:14:52.825626 7f7e24d0dcc0       Options.enable_blob_garbage_collection: false
2021/12/15-19:14:52.825626 7f7e24d0dcc0   Options.blob_garbage_collection_age_cutoff: 0.250000
2021/12/15-19:14:52.825915 7f7e24d0dcc0 [db/column_family.cc:595] --------------- Options for column family [meta]:
2021/12/15-19:14:52.825926 7f7e24d0dcc0               Options.comparator: leveldb.BytewiseComparator
2021/12/15-19:14:52.825928 7f7e24d0dcc0           Options.merge_operator: None
2021/12/15-19:14:52.825929 7f7e24d0dcc0        Options.compaction_filter: None
2021/12/15-19:14:52.825932 7f7e24d0dcc0        Options.compaction_filter_factory: purged_slot_filter_factory(meta)
2021/12/15-19:14:52.825933 7f7e24d0dcc0  Options.sst_partitioner_factory: None
2021/12/15-19:14:52.825933 7f7e24d0dcc0         Options.memtable_factory: SkipListFactory
2021/12/15-19:14:52.825934 7f7e24d0dcc0            Options.table_factory: BlockBasedTable
2021/12/15-19:14:52.825967 7f7e24d0dcc0            table_factory options:   flush_block_policy_factory: FlushBlockBySizePolicyFactory (0x561b9a552670)
  cache_index_and_filter_blocks: 0
  cache_index_and_filter_blocks_with_high_priority: 1
  pin_l0_filter_and_index_blocks_in_cache: 0
  pin_top_level_index_and_filter: 1
  index_type: 0
  data_block_index_type: 0
  index_shortening: 1
  data_block_hash_table_util_ratio: 0.750000
  hash_index_allow_collision: 1
  checksum: 1
  no_block_cache: 0
  block_cache: 0x561b9a465b40
  block_cache_name: LRUCache
  block_cache_options:
    capacity : 8388608
    num_shard_bits : 4
    strict_capacity_limit : 0
    memory_allocator : None
    high_pri_pool_ratio: 0.000
  block_cache_compressed: (nil)
  persistent_cache: (nil)
  block_size: 4096
  block_size_deviation: 10
  block_restart_interval: 16
  index_block_restart_interval: 1
  metadata_block_size: 4096
  partition_filters: 0
  use_delta_encoding: 1
  filter_policy: nullptr
  whole_key_filtering: 1
  verify_compression: 0
  read_amp_bytes_per_bit: 0
  format_version: 4
  enable_index_compression: 1
  block_align: 0
2021/12/15-19:14:52.825970 7f7e24d0dcc0        Options.write_buffer_size: 268435456
2021/12/15-19:14:52.825971 7f7e24d0dcc0  Options.max_write_buffer_number: 8
2021/12/15-19:14:52.825972 7f7e24d0dcc0          Options.compression: NoCompression
2021/12/15-19:14:52.825973 7f7e24d0dcc0                  Options.bottommost_compression: Disabled
2021/12/15-19:14:52.825974 7f7e24d0dcc0       Options.prefix_extractor: nullptr
2021/12/15-19:14:52.825975 7f7e24d0dcc0   Options.memtable_insert_with_hint_prefix_extractor: nullptr
2021/12/15-19:14:52.826071 7f7e24d0dcc0             Options.num_levels: 7
2021/12/15-19:14:52.826074 7f7e24d0dcc0        Options.min_write_buffer_number_to_merge: 1
2021/12/15-19:14:52.826075 7f7e24d0dcc0     Options.max_write_buffer_number_to_maintain: 0
2021/12/15-19:14:52.826075 7f7e24d0dcc0     Options.max_write_buffer_size_to_maintain: 0
2021/12/15-19:14:52.826076 7f7e24d0dcc0            Options.bottommost_compression_opts.window_bits: -14
2021/12/15-19:14:52.826077 7f7e24d0dcc0                  Options.bottommost_compression_opts.level: 32767
2021/12/15-19:14:52.826078 7f7e24d0dcc0               Options.bottommost_compression_opts.strategy: 0
2021/12/15-19:14:52.826079 7f7e24d0dcc0         Options.bottommost_compression_opts.max_dict_bytes: 0
2021/12/15-19:14:52.826080 7f7e24d0dcc0         Options.bottommost_compression_opts.zstd_max_train_bytes: 0
2021/12/15-19:14:52.826081 7f7e24d0dcc0         Options.bottommost_compression_opts.parallel_threads: 1
2021/12/15-19:14:52.826082 7f7e24d0dcc0                  Options.bottommost_compression_opts.enabled: false
2021/12/15-19:14:52.826083 7f7e24d0dcc0            Options.compression_opts.window_bits: -14
2021/12/15-19:14:52.826084 7f7e24d0dcc0                  Options.compression_opts.level: 32767
2021/12/15-19:14:52.826085 7f7e24d0dcc0               Options.compression_opts.strategy: 0
2021/12/15-19:14:52.826085 7f7e24d0dcc0         Options.compression_opts.max_dict_bytes: 0
2021/12/15-19:14:52.826086 7f7e24d0dcc0         Options.compression_opts.zstd_max_train_bytes: 0
2021/12/15-19:14:52.826087 7f7e24d0dcc0         Options.compression_opts.parallel_threads: 1
2021/12/15-19:14:52.826088 7f7e24d0dcc0                  Options.compression_opts.enabled: false
2021/12/15-19:14:52.826088 7f7e24d0dcc0      Options.level0_file_num_compaction_trigger: 4
2021/12/15-19:14:52.826089 7f7e24d0dcc0          Options.level0_slowdown_writes_trigger: 20
2021/12/15-19:14:52.826090 7f7e24d0dcc0              Options.level0_stop_writes_trigger: 36
2021/12/15-19:14:52.826090 7f7e24d0dcc0                   Options.target_file_size_base: 107374182
2021/12/15-19:14:52.826091 7f7e24d0dcc0             Options.target_file_size_multiplier: 1
2021/12/15-19:14:52.826092 7f7e24d0dcc0                Options.max_bytes_for_level_base: 1073741824
2021/12/15-19:14:52.826092 7f7e24d0dcc0 Options.level_compaction_dynamic_level_bytes: 0
2021/12/15-19:14:52.826093 7f7e24d0dcc0          Options.max_bytes_for_level_multiplier: 10.000000
2021/12/15-19:14:52.826096 7f7e24d0dcc0 Options.max_bytes_for_level_multiplier_addtl[0]: 1
2021/12/15-19:14:52.826097 7f7e24d0dcc0 Options.max_bytes_for_level_multiplier_addtl[1]: 1
2021/12/15-19:14:52.826097 7f7e24d0dcc0 Options.max_bytes_for_level_multiplier_addtl[2]: 1
2021/12/15-19:14:52.826099 7f7e24d0dcc0 Options.max_bytes_for_level_multiplier_addtl[3]: 1
2021/12/15-19:14:52.826099 7f7e24d0dcc0 Options.max_bytes_for_level_multiplier_addtl[4]: 1
2021/12/15-19:14:52.826100 7f7e24d0dcc0 Options.max_bytes_for_level_multiplier_addtl[5]: 1
2021/12/15-19:14:52.826101 7f7e24d0dcc0 Options.max_bytes_for_level_multiplier_addtl[6]: 1
2021/12/15-19:14:52.826102 7f7e24d0dcc0       Options.max_sequential_skip_in_iterations: 8
2021/12/15-19:14:52.826103 7f7e24d0dcc0                    Options.max_compaction_bytes: 2684354550
2021/12/15-19:14:52.826104 7f7e24d0dcc0                        Options.arena_block_size: 33554432
2021/12/15-19:14:52.826105 7f7e24d0dcc0   Options.soft_pending_compaction_bytes_limit: 68719476736
2021/12/15-19:14:52.826105 7f7e24d0dcc0   Options.hard_pending_compaction_bytes_limit: 274877906944
2021/12/15-19:14:52.826106 7f7e24d0dcc0       Options.rate_limit_delay_max_milliseconds: 100
2021/12/15-19:14:52.826107 7f7e24d0dcc0                Options.disable_auto_compactions: 0
2021/12/15-19:14:52.826111 7f7e24d0dcc0                        Options.compaction_style: kCompactionStyleLevel
2021/12/15-19:14:52.826112 7f7e24d0dcc0                          Options.compaction_pri: kMinOverlappingRatio
2021/12/15-19:14:52.826113 7f7e24d0dcc0 Options.compaction_options_universal.size_ratio: 1
2021/12/15-19:14:52.826130 7f7e24d0dcc0 Options.compaction_options_universal.min_merge_width: 2
2021/12/15-19:14:52.826132 7f7e24d0dcc0 Options.compaction_options_universal.max_merge_width: 4294967295
2021/12/15-19:14:52.826133 7f7e24d0dcc0 Options.compaction_options_universal.max_size_amplification_percent: 200
2021/12/15-19:14:52.826134 7f7e24d0dcc0 Options.compaction_options_universal.compression_size_percent: -1
2021/12/15-19:14:52.826137 7f7e24d0dcc0 Options.compaction_options_universal.stop_style: kCompactionStopStyleTotalSize
2021/12/15-19:14:52.826138 7f7e24d0dcc0 Options.compaction_options_fifo.max_table_files_size: 1073741824
2021/12/15-19:14:52.826139 7f7e24d0dcc0 Options.compaction_options_fifo.allow_compaction: 0
2021/12/15-19:14:52.826150 7f7e24d0dcc0                   Options.table_properties_collectors: 
2021/12/15-19:14:52.826151 7f7e24d0dcc0                   Options.inplace_update_support: 0
2021/12/15-19:14:52.826152 7f7e24d0dcc0                 Options.inplace_update_num_locks: 10000
2021/12/15-19:14:52.826152 7f7e24d0dcc0               Options.memtable_prefix_bloom_size_ratio: 0.000000
2021/12/15-19:14:52.826154 7f7e24d0dcc0               Options.memtable_whole_key_filtering: 0
2021/12/15-19:14:52.826155 7f7e24d0dcc0   Options.memtable_huge_page_size: 0
2021/12/15-19:14:52.826156 7f7e24d0dcc0                           Options.bloom_locality: 0
2021/12/15-19:14:52.826157 7f7e24d0dcc0                    Options.max_successive_merges: 0
2021/12/15-19:14:52.826158 7f7e24d0dcc0                Options.optimize_filters_for_hits: 0
2021/12/15-19:14:52.826158 7f7e24d0dcc0                Options.paranoid_file_checks: 0
2021/12/15-19:14:52.826159 7f7e24d0dcc0                Options.force_consistency_checks: 1
2021/12/15-19:14:52.826160 7f7e24d0dcc0                Options.report_bg_io_stats: 0
2021/12/15-19:14:52.826161 7f7e24d0dcc0                               Options.ttl: 2592000
2021/12/15-19:14:52.826162 7f7e24d0dcc0          Options.periodic_compaction_seconds: 2592000
2021/12/15-19:14:52.826163 7f7e24d0dcc0                    Options.enable_blob_files: false
2021/12/15-19:14:52.826164 7f7e24d0dcc0                        Options.min_blob_size: 0
2021/12/15-19:14:52.826165 7f7e24d0dcc0                       Options.blob_file_size: 268435456
2021/12/15-19:14:52.826166 7f7e24d0dcc0                Options.blob_compression_type: NoCompression
2021/12/15-19:14:52.826166 7f7e24d0dcc0       Options.enable_blob_garbage_collection: false
2021/12/15-19:14:52.826167 7f7e24d0dcc0   Options.blob_garbage_collection_age_cutoff: 0.250000
2021/12/15-19:14:52.826233 7f7e24d0dcc0 [db/column_family.cc:595] --------------- Options for column family [dead_slots]:
2021/12/15-19:14:52.826236 7f7e24d0dcc0               Options.comparator: leveldb.BytewiseComparator
2021/12/15-19:14:52.826237 7f7e24d0dcc0           Options.merge_operator: None
2021/12/15-19:14:52.826238 7f7e24d0dcc0        Options.compaction_filter: None
2021/12/15-19:14:52.826239 7f7e24d0dcc0        Options.compaction_filter_factory: purged_slot_filter_factory(dead_slots)
2021/12/15-19:14:52.826240 7f7e24d0dcc0  Options.sst_partitioner_factory: None
2021/12/15-19:14:52.826241 7f7e24d0dcc0         Options.memtable_factory: SkipListFactory
2021/12/15-19:14:52.826241 7f7e24d0dcc0            Options.table_factory: BlockBasedTable
2021/12/15-19:14:52.826257 7f7e24d0dcc0            table_factory options:   flush_block_policy_factory: FlushBlockBySizePolicyFactory (0x561b9a3e6bd0)
  cache_index_and_filter_blocks: 0
  cache_index_and_filter_blocks_with_high_priority: 1
  pin_l0_filter_and_index_blocks_in_cache: 0
  pin_top_level_index_and_filter: 1
  index_type: 0
  data_block_index_type: 0
  index_shortening: 1
  data_block_hash_table_util_ratio: 0.750000
  hash_index_allow_collision: 1
  checksum: 1
  no_block_cache: 0
  block_cache: 0x561b9a48a510
  block_cache_name: LRUCache
  block_cache_options:
    capacity : 8388608
    num_shard_bits : 4
    strict_capacity_limit : 0
    memory_allocator : None
    high_pri_pool_ratio: 0.000
  block_cache_compressed: (nil)
  persistent_cache: (nil)
  block_size: 4096
  block_size_deviation: 10
  block_restart_interval: 16
  index_block_restart_interval: 1
  metadata_block_size: 4096
  partition_filters: 0
  use_delta_encoding: 1
  filter_policy: nullptr
  whole_key_filtering: 1
  verify_compression: 0
  read_amp_bytes_per_bit: 0
  format_version: 4
  enable_index_compression: 1
  block_align: 0
2021/12/15-19:14:52.826301 7f7e24d0dcc0        Options.write_buffer_size: 268435456
2021/12/15-19:14:52.826304 7f7e24d0dcc0  Options.max_write_buffer_number: 8
2021/12/15-19:14:52.826305 7f7e24d0dcc0          Options.compression: NoCompression
2021/12/15-19:14:52.826306 7f7e24d0dcc0                  Options.bottommost_compression: Disabled
2021/12/15-19:14:52.826306 7f7e24d0dcc0       Options.prefix_extractor: nullptr
2021/12/15-19:14:52.826307 7f7e24d0dcc0   Options.memtable_insert_with_hint_prefix_extractor: nullptr
2021/12/15-19:14:52.826308 7f7e24d0dcc0             Options.num_levels: 7
2021/12/15-19:14:52.826309 7f7e24d0dcc0        Options.min_write_buffer_number_to_merge: 1
2021/12/15-19:14:52.826310 7f7e24d0dcc0     Options.max_write_buffer_number_to_maintain: 0
2021/12/15-19:14:52.826310 7f7e24d0dcc0     Options.max_write_buffer_size_to_maintain: 0
2021/12/15-19:14:52.826311 7f7e24d0dcc0            Options.bottommost_compression_opts.window_bits: -14
2021/12/15-19:14:52.826312 7f7e24d0dcc0                  Options.bottommost_compression_opts.level: 32767
2021/12/15-19:14:52.826314 7f7e24d0dcc0               Options.bottommost_compression_opts.strategy: 0
2021/12/15-19:14:52.826315 7f7e24d0dcc0         Options.bottommost_compression_opts.max_dict_bytes: 0
2021/12/15-19:14:52.826315 7f7e24d0dcc0         Options.bottommost_compression_opts.zstd_max_train_bytes: 0
2021/12/15-19:14:52.826316 7f7e24d0dcc0         Options.bottommost_compression_opts.parallel_threads: 1
2021/12/15-19:14:52.826317 7f7e24d0dcc0                  Options.bottommost_compression_opts.enabled: false
2021/12/15-19:14:52.826318 7f7e24d0dcc0            Options.compression_opts.window_bits: -14
2021/12/15-19:14:52.826319 7f7e24d0dcc0                  Options.compression_opts.level: 32767
2021/12/15-19:14:52.826319 7f7e24d0dcc0               Options.compression_opts.strategy: 0
2021/12/15-19:14:52.826320 7f7e24d0dcc0         Options.compression_opts.max_dict_bytes: 0
2021/12/15-19:14:52.826321 7f7e24d0dcc0         Options.compression_opts.zstd_max_train_bytes: 0
2021/12/15-19:14:52.826322 7f7e24d0dcc0         Options.compression_opts.parallel_threads: 1
2021/12/15-19:14:52.826323 7f7e24d0dcc0                  Options.compression_opts.enabled: false
2021/12/15-19:14:52.826324 7f7e24d0dcc0      Options.level0_file_num_compaction_trigger: 4
2021/12/15-19:14:52.826325 7f7e24d0dcc0          Options.level0_slowdown_writes_trigger: 20
2021/12/15-19:14:52.826325 7f7e24d0dcc0              Options.level0_stop_writes_trigger: 36
2021/12/15-19:14:52.826326 7f7e24d0dcc0                   Options.target_file_size_base: 107374182
2021/12/15-19:14:52.826327 7f7e24d0dcc0             Options.target_file_size_multiplier: 1
2021/12/15-19:14:52.826328 7f7e24d0dcc0                Options.max_bytes_for_level_base: 1073741824
2021/12/15-19:14:52.826329 7f7e24d0dcc0 Options.level_compaction_dynamic_level_bytes: 0
2021/12/15-19:14:52.826330 7f7e24d0dcc0          Options.max_bytes_for_level_multiplier: 10.000000
2021/12/15-19:14:52.826332 7f7e24d0dcc0 Options.max_bytes_for_level_multiplier_addtl[0]: 1
2021/12/15-19:14:52.826333 7f7e24d0dcc0 Options.max_bytes_for_level_multiplier_addtl[1]: 1
2021/12/15-19:14:52.826334 7f7e24d0dcc0 Options.max_bytes_for_level_multiplier_addtl[2]: 1
2021/12/15-19:14:52.826334 7f7e24d0dcc0 Options.max_bytes_for_level_multiplier_addtl[3]: 1
2021/12/15-19:14:52.826335 7f7e24d0dcc0 Options.max_bytes_for_level_multiplier_addtl[4]: 1
2021/12/15-19:14:52.826336 7f7e24d0dcc0 Options.max_bytes_for_level_multiplier_addtl[5]: 1
2021/12/15-19:14:52.826336 7f7e24d0dcc0 Options.max_bytes_for_level_multiplier_addtl[6]: 1
2021/12/15-19:14:52.826349 7f7e24d0dcc0       Options.max_sequential_skip_in_iterations: 8
2021/12/15-19:14:52.826351 7f7e24d0dcc0                    Options.max_compaction_bytes: 2684354550
2021/12/15-19:14:52.826351 7f7e24d0dcc0                        Options.arena_block_size: 33554432
2021/12/15-19:14:52.826353 7f7e24d0dcc0   Options.soft_pending_compaction_bytes_limit: 68719476736
2021/12/15-19:14:52.826353 7f7e24d0dcc0   Options.hard_pending_compaction_bytes_limit: 274877906944
2021/12/15-19:14:52.826354 7f7e24d0dcc0       Options.rate_limit_delay_max_milliseconds: 100
2021/12/15-19:14:52.826355 7f7e24d0dcc0                Options.disable_auto_compactions: 0
2021/12/15-19:14:52.826357 7f7e24d0dcc0                        Options.compaction_style: kCompactionStyleLevel
2021/12/15-19:14:52.826358 7f7e24d0dcc0                          Options.compaction_pri: kMinOverlappingRatio
2021/12/15-19:14:52.826359 7f7e24d0dcc0 Options.compaction_options_universal.size_ratio: 1
2021/12/15-19:14:52.826360 7f7e24d0dcc0 Options.compaction_options_universal.min_merge_width: 2
2021/12/15-19:14:52.826360 7f7e24d0dcc0 Options.compaction_options_universal.max_merge_width: 4294967295
2021/12/15-19:14:52.826361 7f7e24d0dcc0 Options.compaction_options_universal.max_size_amplification_percent: 200
2021/12/15-19:14:52.826362 7f7e24d0dcc0 Options.compaction_options_universal.compression_size_percent: -1
2021/12/15-19:14:52.826363 7f7e24d0dcc0 Options.compaction_options_universal.stop_style: kCompactionStopStyleTotalSize
2021/12/15-19:14:52.826363 7f7e24d0dcc0 Options.compaction_options_fifo.max_table_files_size: 1073741824
2021/12/15-19:14:52.826364 7f7e24d0dcc0 Options.compaction_options_fifo.allow_compaction: 0
2021/12/15-19:14:52.826368 7f7e24d0dcc0                   Options.table_properties_collectors: 
2021/12/15-19:14:52.826369 7f7e24d0dcc0                   Options.inplace_update_support: 0
2021/12/15-19:14:52.826369 7f7e24d0dcc0                 Options.inplace_update_num_locks: 10000
2021/12/15-19:14:52.826370 7f7e24d0dcc0               Options.memtable_prefix_bloom_size_ratio: 0.000000
2021/12/15-19:14:52.826372 7f7e24d0dcc0               Options.memtable_whole_key_filtering: 0
2021/12/15-19:14:52.826373 7f7e24d0dcc0   Options.memtable_huge_page_size: 0
2021/12/15-19:14:52.826373 7f7e24d0dcc0                           Options.bloom_locality: 0
2021/12/15-19:14:52.826374 7f7e24d0dcc0                    Options.max_successive_merges: 0
2021/12/15-19:14:52.826375 7f7e24d0dcc0                Options.optimize_filters_for_hits: 0
2021/12/15-19:14:52.826376 7f7e24d0dcc0                Options.paranoid_file_checks: 0
2021/12/15-19:14:52.826377 7f7e24d0dcc0                Options.force_consistency_checks: 1
2021/12/15-19:14:52.826377 7f7e24d0dcc0                Options.report_bg_io_stats: 0
2021/12/15-19:14:52.826378 7f7e24d0dcc0                               Options.ttl: 2592000
2021/12/15-19:14:52.826378 7f7e24d0dcc0          Options.periodic_compaction_seconds: 2592000
2021/12/15-19:14:52.826379 7f7e24d0dcc0                    Options.enable_blob_files: false
2021/12/15-19:14:52.826380 7f7e24d0dcc0                        Options.min_blob_size: 0
2021/12/15-19:14:52.826381 7f7e24d0dcc0                       Options.blob_file_size: 268435456
2021/12/15-19:14:52.826382 7f7e24d0dcc0                Options.blob_compression_type: NoCompression
2021/12/15-19:14:52.826382 7f7e24d0dcc0       Options.enable_blob_garbage_collection: false
2021/12/15-19:14:52.826383 7f7e24d0dcc0   Options.blob_garbage_collection_age_cutoff: 0.250000
2021/12/15-19:14:52.826432 7f7e24d0dcc0 [db/column_family.cc:595] --------------- Options for column family [duplicate_slots]:
2021/12/15-19:14:52.826434 7f7e24d0dcc0               Options.comparator: leveldb.BytewiseComparator
2021/12/15-19:14:52.826435 7f7e24d0dcc0           Options.merge_operator: None
2021/12/15-19:14:52.826436 7f7e24d0dcc0        Options.compaction_filter: None
2021/12/15-19:14:52.826437 7f7e24d0dcc0        Options.compaction_filter_factory: purged_slot_filter_factory(duplicate_slots)
2021/12/15-19:14:52.826439 7f7e24d0dcc0  Options.sst_partitioner_factory: None
2021/12/15-19:14:52.826471 7f7e24d0dcc0         Options.memtable_factory: SkipListFactory
2021/12/15-19:14:52.826474 7f7e24d0dcc0            Options.table_factory: BlockBasedTable
2021/12/15-19:14:52.826488 7f7e24d0dcc0            table_factory options:   flush_block_policy_factory: FlushBlockBySizePolicyFactory (0x561b9a48a590)
  cache_index_and_filter_blocks: 0
  cache_index_and_filter_blocks_with_high_priority: 1
  pin_l0_filter_and_index_blocks_in_cache: 0
  pin_top_level_index_and_filter: 1
  index_type: 0
  data_block_index_type: 0
  index_shortening: 1
  data_block_hash_table_util_ratio: 0.750000
  hash_index_allow_collision: 1
  checksum: 1
  no_block_cache: 0
  block_cache: 0x561b9a486260
  block_cache_name: LRUCache
  block_cache_options:
    capacity : 8388608
    num_shard_bits : 4
    strict_capacity_limit : 0
    memory_allocator : None
    high_pri_pool_ratio: 0.000
  block_cache_compressed: (nil)
  persistent_cache: (nil)
  block_size: 4096
  block_size_deviation: 10
  block_restart_interval: 16
  index_block_restart_interval: 1
  metadata_block_size: 4096
  partition_filters: 0
  use_delta_encoding: 1
  filter_policy: nullptr
  whole_key_filtering: 1
  verify_compression: 0
  read_amp_bytes_per_bit: 0
  format_version: 4
  enable_index_compression: 1
  block_align: 0
2021/12/15-19:14:52.826489 7f7e24d0dcc0        Options.write_buffer_size: 268435456
2021/12/15-19:14:52.826490 7f7e24d0dcc0  Options.max_write_buffer_number: 8
2021/12/15-19:14:52.826491 7f7e24d0dcc0          Options.compression: NoCompression
2021/12/15-19:14:52.826492 7f7e24d0dcc0                  Options.bottommost_compression: Disabled
2021/12/15-19:14:52.826492 7f7e24d0dcc0       Options.prefix_extractor: nullptr
2021/12/15-19:14:52.826493 7f7e24d0dcc0   Options.memtable_insert_with_hint_prefix_extractor: nullptr
2021/12/15-19:14:52.826494 7f7e24d0dcc0             Options.num_levels: 7
2021/12/15-19:14:52.826495 7f7e24d0dcc0        Options.min_write_buffer_number_to_merge: 1
2021/12/15-19:14:52.826496 7f7e24d0dcc0     Options.max_write_buffer_number_to_maintain: 0
2021/12/15-19:14:52.826496 7f7e24d0dcc0     Options.max_write_buffer_size_to_maintain: 0
2021/12/15-19:14:52.826497 7f7e24d0dcc0            Options.bottommost_compression_opts.window_bits: -14
2021/12/15-19:14:52.826498 7f7e24d0dcc0                  Options.bottommost_compression_opts.level: 32767
2021/12/15-19:14:52.826499 7f7e24d0dcc0               Options.bottommost_compression_opts.strategy: 0
2021/12/15-19:14:52.826500 7f7e24d0dcc0         Options.bottommost_compression_opts.max_dict_bytes: 0
2021/12/15-19:14:52.826500 7f7e24d0dcc0         Options.bottommost_compression_opts.zstd_max_train_bytes: 0
2021/12/15-19:14:52.826501 7f7e24d0dcc0         Options.bottommost_compression_opts.parallel_threads: 1
2021/12/15-19:14:52.826502 7f7e24d0dcc0                  Options.bottommost_compression_opts.enabled: false
2021/12/15-19:14:52.826502 7f7e24d0dcc0            Options.compression_opts.window_bits: -14
